3243870044
3251998172
1940788315
1369496085
481261486
1391310959
01057177806
01062250140
01057177800
02223082156
031166037653
031187855008
03152826584
03357078060
03103155158
03125913691
03132161260
03142289121
03173133279
03167160950
03182376011
03516922198
03514225253
03522088683
03535605513
03552059059
03562032550
03492022215
03543028355
03592666336
03503021782
03573350123
03588310626
04715301461
04716649591
04725165167
04733998776
04768332052
04758835221
04778588587
04708217972
04787988838
04748981440
04798267177
04838331643
02431966113
02422874828
041183766619
04125591270
02457760648
02443665836
04152212799
04162124001
04176656033
04182915630
04194132328
04273417016
04212622884
04293128003
043182750336
043185805990
043269982018
04343657080
04373278922
04353213766
04393221751
04382097021
04363569052
04332262015
045182297152
045185891145
04522798416
04672394322
04686189319
04694460412
04583877183
04548809032
04648292699
04535903047
04566116718
04557859916
04572137918
02125653557
02583591334
02583226021
051081822171
051680801289
051986636831
051265125021
051359002216
051885318106
051783680216
051569083702
051487313873
051187055261
052386197899
052784362654
057187054379
057185256552
057487323218
057788368816
057382095114
05722399118
057585338255
057982339001
05703086052
05802021749
057688893996
05782106036
055165982105
055165626278
05533878961
05522042867
05542795028
05552426316
05613053671
05622833313
05565701523
05592355357
05503808286
05582261644
05573029481
05643622018
05585606700
05663385030
05633023962
059183714840
059183319614
05922367273
05942696044
05988241795
059528380670
05962934126
05998060707
05972800661
05932250365
079187709180
079183986124
07988533138
07996785597
07923908809
07906441991
07016690510
07978991431
07968332060
07953997798
07948222703
07938250706
053182923162
053166608189
053285912230
05336217838
06328681670
05468336531
05356660724
05368090210
05377710076
05388515019
06315217310
06338816325
05398317157
05342687398
06352990051
05433361248
05305383323
037165906767
037167651166
037123888552
037963334167
03754890882
03725101026
03923222291
03732027277
03913569882
03936681039
03742628003
03952957899
03982817108
037763196926
03703263159
03766810617
03948206271
03962961600
03916633717
02787823138
02782658046
07146300278
07198692342
07176758077
07103555977
02756909339
07242333815
07122280667
07168527546
07138384669
07158255180
07223944200
07188225301
07283265837
07286231409
07285227853
07193335549
073184586142
073185409819
073128685353
073158224405
07348192280
07395325762
07308217543
07367760039
07448301720
07374225647
07352366632
07468511165
07452712723
07388311696
07438750586
02086350683
02083324608
07518469436
075583053807
07562662036
075488178628
075783326216
06683395978
07582741382
07522167030
07532308026
06603373378
07623820125
07633364607
076922480222
076088363925
07682210845
06638768292
07668868190
07715888148
07713389106
07722816488
07732850793
07743820565
07793156536
07702822567
07772817671
07754567233
07752908771
07762867250
07745123920
07782283299
07724236208
07717968768
089865919093
089868723943
089888276791
089823324239
02367086070
02358569815
02372863436
02363828338
02367560238
02365265025
02368789713
02362948377
02368210718
02367133886
02366238727
02379311018
02349854920
02886756796
02886266207
08138618619
08123337174
08303196937
08382508130
08162265212
08393229353
08252220273
08322027807
08332558348
08175258955
02838186106
08318226936
08262392199
08182123763
08352239709
02826110193
08372821135
08362811350
08342172563
085185559192
085187988058
08588222554
085128226146
085133222819
08578223966
08565221213
08593813618
08558228099
08548259343
087164114067
087165138115
08743362663
08772028608
08752218916
08702845600
08885181734
08792189372
08832136707
08783011139
08733197027
08762189440
06912120900
08722319414
06922125414
08863622674
08878288015
08916285756
08916337825
08928824337
08954824214
08945822751
08937821814
08963820111
08972901030
02987293976
02986786813
09193185795
09173260867
02933575924
09132930676
09112211312
09162626140
09123426189
09158168958
09142381152
09317879470
09375968010
09355830295
09438221633
09388215633
09352252690
09365992792
09338227382
09372668916
09348880075
09328221283
09395916535
09305918673
09418219032
09718244337
09716128996
09728612331
09708643142
09738726100
09748512837
09755959958
09778211150
09514110472
09515556689
09522017021
09532122148
09542081386
09557068818
09912956455
09912322045
09906234160
09958522566
09027191079
09942357374
09092314042
09962033544
09972283192
09084230810
09982652469
09032021351
09998236099
09016223733
09062132250
09923234433
09912358304
085236288711
085389872333
057188156688
01088177421
01088177422
01055604527
04006906701
01057407818
56136107
8818810
